1016156267944
1018714694665
1018714694665
1024529101624
1044665857995
1044665857995
1044665857995
1126069880459
1149248789896
1149248789896
1263123244778
1328597071094
1328597071094
1328597071094
1328597071094
1364273654149
1364273654149
1374863829899
1412159392081
1412159392081
1412159392081
1476088261033
1476088261033
1496620512512
1496620512512
1523211036815
1523211036815
1623782249769
1623782249769
1623782249769
1661814482332
1661814482332
1671146080713
1671146080713
1671146080713
1727612632032
1745411042880
1745411042880
1745411042880
1750148398341
1750148398341
1750148398341
1750148398341
1783199218398
1783199218398
1783199218398
1807820147762
1807820147762
1847020857147
1922192318862
1922192318862
1926185494306
1926185494306
1926185494306
1933278690614
1933278690614
2283524200419
2283524200419
2283524200419
2309592555862
2309592555862
2309592555862
2363010909568
2363010909568
2363010909568
2463793860711
2463793860711
2470150944638
2470150944638
2470150944638
2470150944638
2478092940504
2478092940504
2490531735465
2490531735465
2513939536475
2513939536475
2513939536475
2563007114011
2563007114011
2563007114011
2563386892313
2563386892313
2563386892313
2563386892313
2647494218804
2647494218804
2647494218804
2647494218804
2670950610240
2670950610240
2684074513092
2739728493209
2739728493209
2739728493209
2746705778129
2867405201104
2867405201104
2878654263833
2878654263833
2878654263833
2878654263833
2880137497579
2880137497579
2880137497579
2880137497579
2882717662166
2903072909013
2903072909013
2962817578573
2962817578573
2962817578573
2962817578573
2969753670329
2969753670329
2969753670329
2969753670329
3003272524807
3003272524807
3018635386970
3018635386970
3018635386970
3018635386970
3038791343789
3038791343789
3038791343789
3038791343789
3106062436977
3106062436977
3163723906009
3163723906009
3182836694167
3182836694167
3182836694167
3320443811678
3320443811678
3320443811678
3320443811678
3338937095828
3374737602195
3374737602195
3374737602195
3397915153570
3397915153570
3454773220378
3499330841694
3499330841694
3508172084175
3508172084175
3508172084175
3508172084175
3563061285944
3563061285944
3563061285944
3592608011030
3592608011030
3620305078878
3718196030694
3718196030694
3718196030694
3718196030694
3746388516057
3746388516057
3746388516057
3769837210948
3769837210948
3769837210948
3868620646944
3915569984684
3915569984684
3929998509237
3929998509237
3930044456101
3930044456101
3939599526541
3960992130446
3964370030335
3964370030335
3964370030335
4005071956055
4013590952010
4013590952010
4043267950040
4050441156851
4050441156851
4050441156851
4075717052078
4075717052078
4170838203088
4170838203088
4251784209963
4251784209963
4251784209963
4297954559027
4297954559027
4343862507843
4343862507843
4343862507843
4345510165907
4369543736244
4369543736244
4369543736244
4369543736244
4390037376926
4390037376926
4390037376926
4395989468205
4395989468205
4395989468205
4418795697943
4422837856689
4467634466623
4470661388966
4470661388966
4470661388966
4488956030341
4509144513027
4509144513027
4509144513027
4509144513027
4522991496988
4522991496988
4522991496988
4529001595451
4529001595451
4529001595451
4545689456938
4552795591816
4552795591816
4557173114074
4557173114074
4568002979904
4568002979904
4568002979904
4616905901283
4616905901283
4616905901283
4616905901283
4731796315155
4749405953716
4818390280629
4833037799868
4833037799868
4834388712044
4834388712044
4834388712044
4834388712044
4881338194424
4881338194424
4881338194424
4881338194424
4919194570315
4982819648457
4982819648457
4982819648457
4982819648457
4999538495696
5037277441740
5037277441740
5037277441740
5037277441740
5066939534255
5066939534255
5193154770418
5207664395185
5207664395185
5207664395185
5207664395185
5213998848504
5213998848504
5213998848504
5213998848504
5323749340018
5405444321840
5407604736817
5407604736817
5407604736817
5412057956581
5412057956581
5412057956581
5412057956581
5424930196762
5472959746080
5472959746080
5472959746080
5481144379943
5481144379943
5543259440401
5543259440401
5626917214054
5626917214054
5626917214054
5626917214054
5627367300754
5627367300754
5627367300754
5627367300754
5631787208876
5654181754279
5654181754279
5654181754279
5654181754279
5684230792118
5684230792118
5684230792118
5684230792118
5717951188839
5794036293882
5794036293882
5794036293882
5805453787422
5805453787422
5898435236907
5898435236907
5938070362277
5938070362277
5938070362277
5938070362277
6006571295364
6006571295364
6006571295364
6006571295364
6013433867539
6013433867539
6028708453707
6028708453707
6032771476809
6032771476809
6032771476809
6071750036853
6074175209834
6074175209834
6074175209834
6080652997357
6080652997357
6080652997357
6093233401425
6093233401425
6093233401425
6093233401425
6098668762635
6098668762635
6098668762635
6132138550731
6132138550731
6132138550731
6132138550731
6153280054447
6157245374758
6280622571477
6280622571477
6280622571477
6366731267612
6366731267612
6366731267612
6366731267612
6400560144805
6400560144805
6400560144805
6423175834688
6432657927263
6432657927263
6441058548831
6441058548831
6441058548831
6441058548831
6460191484768
6462921046441
6462921046441
6462921046441
6462921046441
6480039003268
6480039003268
6480039003268
6511527497517
6511527497517
6511527497517
6511527497517
6516650695989
6516650695989
6614620703847
6614620703847
6614620703847
6614620703847
6631645363912
6669894887264
6669894887264
6669894887264
6669894887264
6674031819946
6674031819946
6674031819946
6680638495966
6680638495966
6680638495966
6683523112749
6683523112749
6683523112749
6685200887310
6764289358880
6764289358880
6764289358880
6809026539492
6809026539492
6879910333449
6879910333449
6909806200159
6909806200159
6909806200159
6909806200159
6932869206845
6932869206845
6932869206845
6956320523819
6956320523819
6956320523819
6956320523819
6957943210781
6957943210781
7031121812453
7031121812453
7031121812453
7031121812453
7060824983754
7181078193689
7190851862610
7190851862610
7190851862610
7226965000016
7226965000016
7233103571107
7233103571107
7233103571107
7233209938447
7306674135608
7306674135608
7306674135608
7306674135608
7365094648128
7365094648128
7365094648128
7366677564257
7366677564257
7366677564257
7366677564257
7487333241044
7487333241044
7487333241044
7487333241044
7493714753968
7493714753968
7493714753968
7493714753968
7495764289260
7559874218590
7559874218590
7559874218590
7559874218590
7580537861213
7580537861213
7580537861213
7622311636985
7622311636985
7622311636985
7622311636985
7656707510278
7656707510278
7656707510278
7656707510278
7680922573095
7680922573095
7680922573095
7690035145902
7690035145902
7690035145902
7690035145902
7727310019486
7765823434843
7765823434843
7765823434843
7779507253315
7779507253315
7779507253315
7850662536787
7864907764836
7864907764836
7864907764836
7875186834162
7875186834162
7875186834162
7875186834162
7877129688162
7877129688162
7877129688162
7877129688162
7899026363169
7899026363169
7899026363169
7899026363169
7945067161598
7945067161598
7945067161598
7948085343394
7948085343394
7984612948117
7984612948117
8001933192886
8001933192886
8001933192886
8001933192886
8038952951215
8038952951215
8057818667844
8072353033022
8072353033022
8072353033022
8072353033022
8077411855165
8077411855165
8088654214451
8094267439478
8094267439478
8094267439478
8094267439478
8144777092714
8144777092714
8144777092714
8144777092714
8156074231315
8177097629011
8177097629011
8177097629011
8208259815705
8208259815705
8208259815705
8268855900106
8268855900106
8286004136644
8286004136644
8286004136644
8286004136644
8308836817065
8308836817065
8325495619964
8325495619964
8355834187875
8355834187875
8355834187875
8367006949444
8527759201444
8547724511887
8547724511887
8547724511887
8547724511887
8562088443399
8562088443399
8562088443399
8562088443399
8566627725106
8566627725106
8718182948345
8718182948345
8744207028439
8744207028439
8744207028439
8847740540476
8847740540476
8847740540476
8868869698053
8868869698053
8870801753994
8870801753994
8870801753994
8895433843822
8895433843822
8895433843822
8906887849965
8906887849965
8906887849965
8906887849965
8945976827100
8945976827100
8945976827100
8945976827100
8960621935917
8960621935917
8961830686270
8961830686270
8961830686270
8977170281985
8977170281985
8977170281985
8999448864860
8999448864860
8999448864860
8999448864860
9033283009536
9081302212449
9081302212449
9081302212449
9114731505972
9114731505972
9114731505972
9152602234341
9241497031320
9241497031320
9273902694826
9286239168178
9286239168178
9329126554755
9329126554755
9329126554755
9486487853745
9486487853745
9486487853745
9486487853745
9494424864296
9494424864296
9494424864296
9498898238279
9498898238279
9498898238279
9498898238279
9499301007940
9499301007940
9499301007940
9507904946901
9507904946901
9532867883598
9532867883598
9532867883598
9532867883598
9571775462540
9571775462540
9579515919434
9579515919434
9584669983212
9584669983212
9584669983212
9649817572849
9716541755080
9716541755080
9716541755080
9716541755080
9870427356905
9870427356905
9870427356905
9870427356905
9886819531799
9981026887788
